
 uid | movratings.numitems(ratedmovies)
-----+----------------------------------
 769 |                               16
  23 |                              100
 114 |                               31
 660 |                              120
 893 |                               36
  53 |                               15
 878 |                               87
 110 |                               85
  91 |                               61
 128 |                              103
 363 |                              190
 251 |                               48
 744 |                               17
 778 |                               40
 819 |                               12
 310 |                               11
 849 |                               14
 247 |                               19
 796 |                              213
 919 |                              123
 214 |                               75
 429 |                              242
 117 |                               54
 547 |                               13
 144 |                              120
 718 |                               25
 567 |                               97
 120 |                               14
 504 |                              153
 729 |                               12
 219 |                               17
 695 |                               19
 475 |                               13
 140 |                                9
 308 |                              228
 782 |                              145
 860 |                               45
 483 |                               37
  55 |                               13
 441 |                               11
 779 |                               26
 662 |                                6
 255 |                               50
 331 |                               45
 129 |                               19
 530 |                               26
 631 |                               10
 551 |                              200
 787 |                               32
 649 |                               20
 701 |                               15
 646 |                               25
 874 |                               20
 476 |                               47
 534 |                               43
 438 |                               19
 925 |                               20
 324 |                               40
 439 |                               18
 836 |                               40
 373 |                              146
 332 |                              100
 623 |                               27
 770 |                               38
  33 |                               12
 132 |                               12
 535 |                              135
 380 |                              103
 605 |                               48
 719 |                               33
 340 |                               25
 913 |                               78
 706 |                               16
 857 |                               13
 935 |                               23
 501 |                               44
 914 |                               13
 780 |                               33
 423 |                               37
 274 |                               36
 185 |                               17
   5 |                              100
 751 |                               96
  28 |                               40
 844 |                               50
 619 |                               55
 369 |                               11
 420 |                               21
 277 |                               31
 105 |                                9
 313 |                              151
 838 |                               60
 818 |                               14
 123 |                               31
 477 |                               22
  42 |                              114
 320 |                               92
 831 |                               42
 153 |                               14
 178 |                              153
 323 |                               66
 538 |                               46
 248 |                               35
  50 |                               15
 733 |                               61
 548 |                               91
 514 |                              105
  95 |                              170
 485 |                               17
 608 |                               95
 758 |                              212
  88 |                               11
 843 |                              125
 645 |                               77
  82 |                              102
 377 |                               20
  49 |                              134
  10 |                              117
 657 |                               13
 465 |                               50
 467 |                               32
 225 |                               17
 664 |                              100
 137 |                               27
 612 |                               15
 382 |                               40
 862 |                               89
 398 |                              109
  83 |                               93
 264 |                               61
 245 |                               14
 461 |                               17
 361 |                               75
 463 |                               78
 241 |                               11
 286 |                              186
 374 |                              164
 822 |                               12
 118 |                               42
 824 |                                9
 261 |                               16
 237 |                               32
 194 |                              188
 456 |                              146
  60 |                              129
 820 |                               11
 391 |                               74
  67 |                               16
 506 |                              153
 414 |                               13
 828 |                               64
 549 |                               14
 786 |                               66
 125 |                              109
 197 |                               72
 720 |                               18
 416 |                              293
 875 |                               58
 370 |                               44
 500 |                              138
 594 |                               15
 134 |                               19
 201 |                              239
 837 |                               34
 670 |                               22
 570 |                               12
 883 |                              154
 899 |                               77
 360 |                               63
 707 |                              138
  79 |                               36
 210 |                               77
 505 |                               65
  16 |                               92
 942 |                               47
 402 |                               40
  63 |                               56
 768 |                               39
 725 |                               12
 642 |                              199
 835 |                               52
 864 |                              177
 774 |                              127
 508 |                               57
 490 |                               37
 852 |                               30
 253 |                               55
 723 |                               17
 650 |                              188
 330 |                               74
 929 |                               28
 327 |                              168
  80 |                               21
 139 |                               15
 213 |                               68
 804 |                              180
 840 |                              122
 328 |                              168
 497 |                              156
  13 |                              382
 379 |                              124
 169 |                               24
 588 |                              134
  30 |                               24
 145 |                              194
 351 |                               26
 553 |                               59
 639 |                               89
 889 |                              200
 528 |                               35
 926 |                               17
 677 |                               30
 211 |                               22
 378 |                              240
 691 |                               16
 674 |                               26
 111 |                               13
  72 |                               89
 234 |                              307
 293 |                              237
 610 |                               44
 452 |                              119
 447 |                               85
 449 |                               46
 520 |                               13
 113 |                               24
 848 |                               93
 375 |                               18
 355 |                               18
 851 |                              123
  99 |                               84
 222 |                              227
 755 |                               25
 160 |                               68
 390 |                               21
  11 |                              108
 280 |                              162
 859 |                               25
 151 |                              191
 854 |                              119
 252 |                               12
   1 |                              163
 788 |                              148
 344 |                              113
 334 |                              194
 731 |                               48
  19 |                               12
 263 |                               75
 869 |                               31
 269 |                              199
  61 |                               15
 727 |                              193
 157 |                               26
 204 |                               27
 705 |                               66
 557 |                               33
 599 |                               27
  46 |                               12
  43 |                              145
 552 |                               56
 927 |                               68
 130 |                              215
 813 |                               15
   8 |                               39
 571 |                               12
 711 |                              140
 783 |                               20
 527 |                               86
 352 |                               26
 855 |                               13
  52 |                               36
 311 |                              175
 732 |                               14
 472 |                              155
 283 |                               32
 766 |                              103
 749 |                              184
 397 |                               55
 911 |                               55
 257 |                               36
 806 |                               80
 886 |                              153
 512 |                               15
 221 |                               94
 493 |                               78
 122 |                               37
 868 |                              117
 212 |                               13
 866 |                                8
 368 |                               29
 507 |                               38
 823 |                              100
 458 |                              117
 876 |                               12
 346 |                              110
   2 |                               34
  45 |                               28
 624 |                               86
 885 |                               56
 791 |                               13
 176 |                               41
 322 |                               32
 440 |                               29
  73 |                               41
 381 |                               80
 671 |                               76
 622 |                              151
 444 |                               14
 746 |                               46
 678 |                               17
 665 |                               91
 455 |                              123
 343 |                              145
 841 |                               21
 273 |                               17
 218 |                               29
 745 |                               37
 592 |                              220
 776 |                               60
 697 |                               64
   4 |                               11
 903 |                               80
 434 |                               24
  18 |                              154
 936 |                               86
 415 |                               11
 544 |                               16
 266 |                               12
 908 |                               38
 268 |                              191
 572 |                               11
 754 |                               22
 314 |                              134
 523 |                               57
 730 |                               27
 177 |                               61
 417 |                              213
 667 |                               29
  51 |                               15
 794 |                               23
 409 |                              123
  47 |                               14
 724 |                               48
 358 |                               26
  84 |                               41
  94 |                              238
 143 |                               12
 909 |                               14
 468 |                               80
 583 |                               20
 403 |                               30
 546 |                               32
 771 |                               46
 618 |                              139
 411 |                               36
 471 |                               14
 845 |                               17
 486 |                              109
 288 |                               44
 652 |                               13
 894 |                              144
 533 |                              155
 834 |                               32
  74 |                               28
 359 |                               11
 215 |                               59
 799 |                               14
 220 |                               13
  44 |                               90
 941 |                               13
 689 |                               21
 693 |                              101
 155 |                               13
 934 |                              103
 901 |                               73
 345 |                              142
 892 |                              134
 446 |                               22
 116 |                               76
 891 |                               28
 121 |                               38
 580 |                               23
 282 |                               20
 432 |                               37
 372 |                               38
 315 |                               52
 249 |                               99
 870 |                              161
 698 |                               84
 366 |                               19
  96 |                               32
 184 |                              148
 492 |                               30
 877 |                               41
 356 |                               14
 460 |                               42
 659 |                              116
 146 |                               16
  69 |                               38
 473 |                               19
 229 |                               15
 336 |                               74
  15 |                               61
 244 |                              142
 365 |                               32
 539 |                               40
 410 |                               18
 792 |                               31
 937 |                               28
 797 |                               11
 209 |                               20
 810 |                               15
  22 |                               74
 112 |                               26
 437 |                              167
 233 |                               60
 833 |                              174
 663 |                               92
 459 |                               66
 217 |                               51
 726 |                               15
 525 |                               28
 236 |                               75
 433 |                               17
 847 |                               89
 408 |                               18
 640 |                               69
 721 |                              110
 484 |                               89
 578 |                               13
 385 |                              172
 421 |                               42
 262 |                               85
 597 |                               19
 579 |                               44
 491 |                               19
 702 |                               18
 602 |                               19
  98 |                               16
 669 |                               62
 686 |                               46
 880 |                              224
 224 |                               83
 900 |                               27
 152 |                               61
 495 |                              142
 135 |                               29
 790 |                              145
 503 |                               93
 302 |                               11
 389 |                              161
 865 |                               39
 404 |                               25
  54 |                               37
 658 |                               40
  75 |                               48
 338 |                               47
 632 |                               64
 259 |                               25
 541 |                               82
 287 |                               39
 905 |                               23
 798 |                              140
 651 |                               15
 115 |                               42
 271 |                              180
 743 |                               25
 453 |                               94
 888 |                               12
 607 |                               25
 740 |                               11
 741 |                               71
 256 |                              131
 627 |                              101
 617 |                               75
 940 |                               59
 203 |                               28
 174 |                              102
 279 |                              262
 173 |                               29
 183 |                               28
  58 |                               98
 260 |                               18
 509 |                               13
 186 |                               54
 555 |                               32
 515 |                               23
 254 |                               97
 593 |                               86
 419 |                               22
 518 |                               40
 148 |                               38
 738 |                               83
 764 |                               67
 223 |                               52
 603 |                               23
 825 |                               96
  86 |                               10
  89 |                               44
  78 |                               12
 265 |                               30
 216 |                               79
 243 |                               43
 462 |                               18
 189 |                              126
 655 |                              404
 107 |                               14
 775 |                               13
 149 |                               22
 827 |                                9
  27 |                               13
 550 |                               24
 809 |                               12
 141 |                               66
 575 |                               15
 412 |                               31
 396 |                               29
 119 |                              105
 898 |                               18
  59 |                              235
 296 |                               88
 537 |                              312
 529 |                               31
 918 |                               72
 742 |                               10
 376 |                               19
 815 |                              114
 853 |                               20
 590 |                               28
 289 |                               15
  20 |                               31
 199 |                               25
 427 |                               17
 630 |                               67
 666 |                              155
 521 |                               87
 748 |                               64
 654 |                               73
 816 |                               13
 195 |                               52
 242 |                               14
 633 |                               31
 337 |                               18
 200 |                              135
 584 |                               17
 167 |                               38
 240 |                               14
 190 |                               32
 333 |                               19
 856 |                               18
   7 |                              237
 226 |                               32
 636 |                               10
 896 |                              217
 757 |                              102
 532 |                              165
 846 |                              244
 613 |                               20
 690 |                               63
 906 |                               24
 566 |                               88
 488 |                               99
 150 |                               19
 413 |                               23
 826 |                               64
 281 |                               11
  85 |                              171
 554 |                               74
 207 |                              141
 100 |                               35
 502 |                               25
 464 |                               33
 295 |                              107
 317 |                               11
 873 |                               15
 297 |                              122
 916 |                              200
 131 |                               14
  36 |                                9
  40 |                               20
 679 |                               40
 198 |                              107
 556 |                               23
 347 |                              123
  68 |                               20
 626 |                               19
 341 |                               11
 179 |                               19
 307 |                               67
 620 |                               65
 682 |                              234
 445 |                               79
 871 |                               69
 193 |                               68
 863 |                               66
 466 |                               59
 904 |                               26
  38 |                               74
 606 |                              130
 319 |                               17
 392 |                               66
 298 |                               75
 187 |                               34
 668 |                               34
 661 |                               74
 454 |                              140
 291 |                              188
 830 |                               62
  57 |                               66
 753 |                               41
 696 |                               22
  39 |                               16
 902 |                               35
 400 |                               14
 205 |                               10
 752 |                               38
 306 |                               19
 519 |                               21
   6 |                              132
 684 |                               56
 648 |                              179
 785 |                               15
 609 |                               18
  71 |                               20
 126 |                               23
 842 |                               18
 611 |                               21
 387 |                              177
 897 |                              115
 228 |                               10
 930 |                               37
 728 |                               13
 208 |                               24
 156 |                               23
 522 |                               20
 407 |                              139
 231 |                                8
  81 |                               32
 394 |                               94
 227 |                               33
 436 |                               89
  29 |                               19
 814 |                               22
 879 |                               19
 182 |                               19
 172 |                               15
 511 |                               19
 773 |                              102
 545 |                               91
 767 |                               28
 300 |                                8
 737 |                               20
  64 |                              109
 759 |                               23
 615 |                               61
 563 |                               18
  37 |                               44
 290 |                               83
  76 |                               38
 895 |                               12
   9 |                               16
 494 |                               34
 357 |                               49
 793 |                               23
 442 |                               79
 524 |                              190
 558 |                               12
 712 |                               97
 812 |                               11
 405 |                              437
 312 |                              138
 621 |                              103
 388 |                               35
 595 |                               53
 887 |                              102
 469 |                               25
 270 |                               77
 384 |                               14
 910 |                               39
 598 |                               13
 625 |                               59
 616 |                               28
 168 |                               45
 585 |                               51
 676 |                               47
 354 |                              146
 761 |                               45
 708 |                               67
 258 |                               18
 349 |                               24
 443 |                               14
 335 |                               15
 781 |                               25
 230 |                               76
 367 |                               34
 703 |                               24
  14 |                               65
 683 |                               41
 180 |                               35
 267 |                              115
 342 |                              115
 457 |                              162
 108 |                               20
 235 |                               57
 424 |                               27
 704 |                               60
 577 |                              124
 206 |                               36
 756 |                               65
 127 |                               21
 171 |                               20
 339 |                              158
 699 |                               91
 638 |                               44
 912 |                               35
 188 |                               69
  93 |                               11
 915 |                               13
 839 |                               33
 418 |                                9
 634 |                               81
 326 |                              114
 170 |                               17
 406 |                              205
 513 |                               11
 922 |                               73
 750 |                               21
 316 |                               44
 688 |                               15
 560 |                               55
 713 |                               17
 858 |                               11
 586 |                              102
  56 |                              106
 629 |                               72
 932 |                              137
 386 |                               14
 158 |                              100
 348 |                               38
 142 |                               17
 510 |                               18
 499 |                               56
 604 |                               17
  26 |                               61
 276 |                              315
 591 |                               49
  21 |                               95
 496 |                               79
 250 |                               77
 675 |                               16
 175 |                               21
 637 |                               70
 109 |                              141
 739 |                               19
 589 |                               27
 600 |                               53
 569 |                               43
 716 |                              161
  17 |                               18
 104 |                               63
 717 |                               59
 102 |                              128
 882 |                               86
 305 |                              142
 106 |                               37
 687 |                               12
  35 |                               12
 482 |                               14
 920 |                               13
 735 |                               31
 147 |                               10
 284 |                               28
 191 |                               13
 939 |                               34
 303 |                              296
 928 |                               20
 435 |                              234
 329 |                               38
 272 |                               32
  31 |                               20
 531 |                               11
 166 |                               10
 614 |                               22
  48 |                               48
 101 |                               33
 299 |                              170
 850 |                               34
 872 |                               45
 803 |                               18
 480 |                               41
 470 |                               39
 647 |                               34
 401 |                               93
 364 |                               12
 292 |                               73
 601 |                               82
  92 |                              228
 542 |                               79
 644 |                               24
 430 |                               38
 581 |                               15
 163 |                               12
 709 |                               89
  62 |                              141
 573 |                               29
 487 |                              137
 938 |                               63
 821 |                               35
 124 |                               19
 817 |                               21
 568 |                               47
 923 |                               41
 318 |                              109
 138 |                               29
  24 |                               40
 710 |                               51
  32 |                               24
 164 |                               32
 924 |                               50
 784 |                               22
  41 |                               36
 559 |                               44
 478 |                               65
 587 |                               61
 246 |                              111
 479 |                              127
 694 |                               88
 565 |                               20
 516 |                               12
 635 |                               24
 643 |                              109
 543 |                              124
 921 |                               67
 362 |                               14
  65 |                               49
 765 |                               15
 907 |                               91
 653 |                              173
 481 |                               35
 808 |                               16
 714 |                               26
 154 |                               28
 304 |                               16
 789 |                               20
 451 |                               60
 801 |                               11
 393 |                              280
 582 |                               39
 371 |                               27
 561 |                              223
 448 |                               18
 807 |                              121
 672 |                               20
  97 |                               40
 165 |                               22
 576 |                               21
 562 |                               46
 301 |                              181
 656 |                               14
 192 |                               19
 159 |                               61
 574 |                               27
 917 |                               18
 285 |                               17
 805 |                              178
 431 |                               10
 517 |                               14
 278 |                               13
 943 |                              112
 680 |                               26
 762 |                               15
 325 |                               99
 715 |                              105
 540 |                               39
 133 |                               18
 450 |                              345
 734 |                               36
 811 |                               14
 933 |                              111
 196 |                               22
 136 |                               22
 239 |                               98
 489 |                               57
 353 |                               19
  25 |                               44
 181 |                              252
  66 |                               25
 832 |                               12
 321 |                               86
 777 |                               19
  34 |                                8
 596 |                               11
 802 |                               51
 881 |                              159
  87 |                              121
 772 |                               21
 202 |                               12
 722 |                               28
 395 |                               35
 795 |                               88
 426 |                               60
 673 |                               22
 747 |                              179
 399 |                              195
  70 |                               73
 829 |                               33
 700 |                               11
 931 |                               39
 884 |                               26
 760 |                               24
 628 |                               15
 498 |                               96
 536 |                               99
  12 |                               28
  90 |                              174
 736 |                               14
 428 |                               35
  77 |                               47
 425 |                              124
 294 |                               87
 564 |                               23
 890 |                               72
 861 |                               24
 685 |                               12
 350 |                               25
 383 |                               43
 692 |                               27
 526 |                               43
 162 |                               29
 474 |                              184
 422 |                               64
 681 |                               13
 763 |                               76
 238 |                               18
   3 |                               36
 161 |                               36
 867 |                               55
 275 |                               60
 641 |                               25
 309 |                               16
 800 |                               22
 232 |                               49
 103 |                               16

(943 rows)